phon_R01_S01_1
119.992
157.302
74.997
0.00784
7e-05
0.0037
0.00554
0.011090000000000001
0.04374
0.426
0.02182
0.0313
0.029710000000000004
0.06545
0.022109999999999998
21.033
1
0.414783
0.815285
-4.813031
0.266482
2.3014419999999998
0.284654
phon_R01_S01_2
122.4
148.65
113.819
0.00968
8e-05
0.00465
0.006959999999999999
0.013940000000000001
0.06134
0.626
0.03134
0.04518
0.043680000000000004
0.09402999999999999
0.01929
19.085
1
0.458359
0.8195209999999999
-4.0751919999999995
0.33559
2.486855
0.368674